
惠州市海王子首创学习型酒店有限公司
真实数据 => [0.45485999999999993, 0.441, 0.4156799999999998, 0.41814000000000007, 0.3527399999999999, 0.33971999999999997, 0.30665999999999993]
预测数据 => [0.5189849053325998, 0.5319817549141465, 0.5449786044956934, 0.5579754540772401, 0.5709723036587868, 0.5839691532403337, 0.5969660028218805]
相对误差 => [0.14097723548476424, 0.20630783427244093, 0.3110532248260527, 0.3344225715722965, 0.618677506545294, 0.7189719570244135, 0.9466705889971977]
平均误差 => 0.46815441696035137

四会市佳合特种合金有限公司
真实数据 => [0.36900000000000016, 0.3675000000000001, 0.3840000000000001, 0.35100000000000015, 0.27900000000000014, 0.0, 0.0]
预测数据 => [0.2248034341080594, 0.22323622364584514, 0.22166901318363086, 0.22010180272141663, 0.21853459225920238, 0.2169673817969881, 0.21540017133477388]
相对误差 => [-0.39077660133317266, -0.39255449348069366, -0.4227369448342948, -0.37292933697602126, -0.21672189154407787, inf, inf]
平均误差 => -0.35914385363365203

丽影电器（惠州）有限公司
真实数据 => [0.18431999999999998, 0.19319999999999998, 0.21864000000000003, 0.18888000000000002, 0.1932, 0.12311999999999997, 0.1788]
预测数据 => [0.38401606296494684, 0.40841215166872397, 0.43280824037250104, 0.45720432907627806, 0.48160041778005513, 0.5059965064838322, 0.5303925951876094]
相对误差 => [1.0834204804955885, 1.1139345324468115, 0.9795473855310144, 1.4206074178117216, 1.4927557856110512, 3.1097831910642655, 1.9664015390805898]
平均误差 => 1.5952071902915772

中山康诺德新材料有限公司
真实数据 => [2.7900000000000005, 2.6400000000000006, 2.694, 2.7719999999999994, 2.5620000000000003, 2.613, 2.49]
预测数据 => [3.1592663477642584, 3.4584635076129255, 3.7576606674615936, 4.05685782731026, 4.356054987158927, 4.6552521470075945, 4.9544493068562625]
相对误差 => [0.13235352966460856, 0.3100240559139867, 0.39482578599168283, 0.4635129247151014, 0.700255654628777, 0.7815737263710656, 0.9897386774523141]
平均误差 => 0.5388977649625051

中山市晶艺光电科技有限公司
真实数据 => [0.5090000000000002, 0.5100000000000002, 0.5240000000000002, 0.5850000000000003, 0.5640000000000003, 0.5020000000000002, 0.5550000000000003]
预测数据 => [0.8310193579344678, 0.8327802605126469, 0.834541163090826, 0.836302065669005, 0.8380629682471841, 0.8398238708253633, 0.8415847734035423]
相对误差 => [0.6326509979066157, 0.6329024715934245, 0.5926358074252398, 0.42957618063077707, 0.48592724866521925, 0.6729559179788105, 0.5163689610874629]
平均误差 => 0.5661453693267928

广东创新发铜业有限公司
真实数据 => [6.372, 6.78, 6.636000000000001, 6.396000000000002, 4.608000000000001, 0.0, 0.0]
预测数据 => [8.726432158519145, 9.263582839855676, 9.800733521192203, 10.337884202528734, 10.875034883865261, 11.412185565201792, 11.949336246538321]
相对误差 => [0.3694965722723078, 0.3663101533710436, 0.47690378559255603, 0.6163045970182507, 1.3600336119499257, inf, inf]
平均误差 => 0.6378097440408167

广州立邦涂料有限公司
真实数据 => [6.079999999999999, 6.119999999999998, 6.54, 6.4799999999999995, 6.6, 5.8, 5.1]
预测数据 => [8.81131818391543, 9.187921675476126, 9.564525167036821, 9.941128658597517, 10.317732150158212, 10.694335641718906, 11.070939133279603]
相对误差 => [0.4492299644597749, 0.5012943914176681, 0.4624656218710736, 0.5341247929934441, 0.5632927500239716, 0.8438509727101563, 1.1707723790744322]
平均误差 => 0.6464329817929315

广东省高速公路有限公司粤赣分公司
真实数据 => [0.46418000000000004, 0.46868, 0.4669399999999999, 0.47068, 0.46820000000000006, 0.33446, 0.45678]
预测数据 => [0.6260792023903557, 0.6312755244962867, 0.6364718466022178, 0.6416681687081488, 0.6468644908140798, 0.6520608129200108, 0.6572571350259419]
相对误差 => [0.34878539012959564, 0.34692225931613613, 0.36306987322186557, 0.3632790190960925, 0.3815986561599311, 0.9495928150451799, 0.43889210347638213]
平均误差 => 0.45602001663502617

东海橡塑(广州)有限公司
真实数据 => [5.115, 7.020000000000001, 7.185000000000001, 7.260000000000002, 7.305000000000002, 7.035000000000001, 3.0899999999999994]
预测数据 => [7.917670229700939, 8.237471266745287, 8.557272303789633, 8.877073340833983, 9.196874377878329, 9.516675414922677, 9.836476451967025]
相对误差 => [0.547931618709861, 0.1734289553768212, 0.19099127401386654, 0.22273737477052075, 0.25898348773146146, 0.3527612530096198, 2.183325712610688]
平均误差 => 0.5614513823175484

立敦电子科技（惠州）有限公司
真实数据 => [7.77175, 8.715250000000001, 8.4232, 8.412049999999999, 7.897, 7.4864500000000005, 8.08915]
预测数据 => [7.4855911444764685, 7.517079927519519, 7.548568710562567, 7.580057493605616, 7.611546276648665, 7.643035059691714, 7.6745238427347635]
相对误差 => [-0.036820388654232504, -0.13747971343111007, -0.10383598744389688, -0.09890484559582778, -0.03614710945312596, 0.020915795830028054, -0.051257073643737175]
平均误差 => -0.06336133177027176

立隆电子（惠州）有限公司
真实数据 => [8.881, 8.977599999999999, 9.0707, 9.2457, 9.152800000000001, 8.928799999999999, 9.1613]
预测数据 => [13.797684726497108, 14.623857976251552, 15.450031226005995, 16.27620447576044, 17.10237772551488, 17.928550975269324, 18.754724225023768]
相对误差 => [0.5536183680325535, 0.6289273275988632, 0.7032898481931928, 0.7604080248937821, 0.8685405259062668, 1.007946305804736, 1.0471684395253693]
平均误差 => 0.795699834279252

广东洲明节能科技有限公司
真实数据 => [6.352000000000002, 6.048000000000004, 5.872000000000003, 5.816000000000003, 5.872000000000003, 5.360000000000003, 5.392000000000003]
预测数据 => [6.628046335178749, 6.68574334772517, 6.74344036027159, 6.80113737281801, 6.85883438536443, 6.916531397910852, 6.974228410457272]
相对误差 => [0.04345817619312766, 0.10544698209741502, 0.14840605590456166, 0.1693840049549529, 0.16805762693535864, 0.2903976488639642, 0.29343998710260905]
平均误差 => 0.17408435457885557

博罗立峰开关实业有限公司
真实数据 => [0.6274, 0.7544000000000002, 0.7357999999999999, 0.7664000000000001, 0.8158000000000001, 0.5246000000000001, 0.7762000000000001]
预测数据 => [0.5170874112042387, 0.5047057061384335, 0.4923240010726281, 0.47994229600682276, 0.4675605909410175, 0.4551788858752122, 0.4427971808094068]
相对误差 => [-0.17582497417239598, -0.330983952626679, -0.33089969954793674, -0.3737704905965257, -0.42686860634834833, -0.13233151758442213, -0.42953210408476333]
平均误差 => -0.31431590642301016

惠州爱而泰可包装有限公司
真实数据 => [4.952000000000003, 5.288000000000003, 5.440000000000003, 5.336000000000003, 5.392000000000003, 5.728000000000003, 5.712000000000003]
预测数据 => [5.490156810663979, 5.711913557923296, 5.933670305182611, 6.155427052441928, 6.377183799701243, 6.598940546960558, 6.820697294219875]
相对误差 => [0.10867463866396938, 0.08016519627898881, 0.09074821786444993, 0.15356578943814173, 0.1827121290247105, 0.15204967649451023, 0.19409966635501946]
平均误差 => 0.13743075915997

逢威工业（惠阳）有限公司
真实数据 => [1.1325999999999998, 1.2409400000000004, 1.2409400000000002, 1.19112, 1.2149800000000002, 1.00346, 0.8175199999999999]
预测数据 => [1.8559094045226425, 1.9692628898906477, 2.0826163752586524, 2.195969860626657, 2.3093233459946623, 2.4226768313626668, 2.536030316730672]
相对误差 => [0.6386274099617189, 0.5869122519143932, 0.6782571077237031, 0.8436176544988389, 0.9007089384143458, 1.414323272838645, 2.102101865068344]
平均误差 => 1.023506928631427

银禧工程塑料（东莞）有限公司
真实数据 => [5.848000000000003, 5.568000000000003, 4.896000000000003, 5.304000000000003, 5.512000000000003, 5.056000000000003, 5.104000000000003]
预测数据 => [11.954004304347041, 12.835566639567002, 13.717128974786961, 14.59869131000692, 15.480253645226876, 16.361815980446835, 17.243378315666796]
相对误差 => [1.0441183830962781, 1.3052382614164861, 1.8017011794907993, 1.7523927809213637, 1.80846401401068, 2.236118667018755, 2.378404842411204]
平均误差 => 1.7609197326236523

东莞市银禧光电材料科技股份有限公司
真实数据 => [1.0680000000000005, 1.0320000000000003, 0.9240000000000003, 0.8780000000000002, 0.8000000000000002, 0.8960000000000002, 0.8660000000000002]
预测数据 => [2.3277328263994357, 2.498100230248541, 2.6684676340976465, 2.8388350379467515, 3.009202441795857, 3.179569845644962, 3.3499372494940682]
相对误差 => [1.1795251183515305, 1.4206397579927719, 1.887951984954162, 2.2332973097343403, 2.7615030522448203, 2.5486270598716083, 2.8682878169677455]
平均误差 => 2.128547442873854

广东宝丽虹新材料有限公司
真实数据 => [0.3410000000000001, 0.28500000000000003, 0.28400000000000003, 0.34600000000000003, 0.239, 0.007, 0.382]
预测数据 => [0.47845252769731994, 0.519649177313245, 0.5608458269291701, 0.602042476545095, 0.6432391261610201, 0.684435775776945, 0.7256324253928702]
相对误差 => [0.40308659148774145, 0.8233304467131402, 0.9748092497505986, 0.7400071576447831, 1.691377096908034, 96.77653939670643, 0.8995613230179847]
平均误差 => 14.615530180318387

深圳冠特家居健康系统有限公司惠州分公司
真实数据 => [1.1360000000000001, 1.0820000000000005, 1.084, 1.1400000000000003, 1.1700000000000002, 0.8480000000000003, 1.0180000000000002]
预测数据 => [1.026914343634687, 1.024265645283724, 1.0216169469327607, 1.0189682485817977, 1.0163195502308344, 1.0136708518798716, 1.0110221535289083]
相对误差 => [-0.09602610595538123, -0.05335892302798197, -0.05754894194394773, -0.10616820299842335, -0.1313508117685177, 0.1953665706130557, -0.006854466081622688]
平均误差 => -0.036562983023259846

广州劲天新能源科技有限公司
真实数据 => [1.7930000000000001, 1.69, 1.7730000000000001, 1.786, 1.729, 1.7419999999999998, 1.5819999999999999]
预测数据 => [0.05275365596141985, 0.053754034777496046, 0.05475441359357225, 0.05575479240964845, 0.056755171225724654, 0.05775555004180087, 0.058755928857877074]
相对误差 => [-0.9705779944442722, -0.968192878829884, -0.969117646027314, -0.9687823110808239, -0.9671745684061743, -0.966845264040298, -0.9628597162718855]
平均误差 => -0.9676500541572359

惠州荣恩电器有限公司
真实数据 => [0.8160000000000001, 0.906, 0.885, 0.8460000000000001, 0.9405, 0.8040000000000002, 0.8055000000000001]
预测数据 => [1.0207581508848538, 1.033262398519474, 1.0457666461540944, 1.0582708937887146, 1.070775141423335, 1.083279389057955, 1.0957836366925755]
相对误差 => [0.2509291064765364, 0.1404662235314282, 0.18165722729276204, 0.2509112219724758, 0.13851689678185547, 0.34736242420143637, 0.3603769543048732]
平均误差 => 0.2386028649373382

广东劲天新能源汽车有限公司
真实数据 => [0.6150000000000001, 0.6765, 0.6764999999999999, 0.7425, 0.678, 0.6465, 0.6825000000000001]
预测数据 => [0.33483954871680943, 0.33374403256415713, 0.33264851641150484, 0.3315530002588526, 0.3304574841062003, 0.329361967953548, 0.32826645180089564]
相对误差 => [-0.45554544924096035, -0.5066607057440397, -0.5082800939962973, -0.5534639727153501, -0.5125995809643064, -0.4905460665838391, -0.5190235138448416]
平均误差 => -0.5065884832985191

惠州市路森光电科技有限公司
真实数据 => [0.8640000000000002, 0.7890000000000001, 0.7230000000000001, 0.7230000000000002, 0.7380000000000001, 0.6030000000000003, 0.675]
预测数据 => [0.7561591944578728, 0.7251526472202154, 0.6941460999825585, 0.6631395527449011, 0.6321330055072439, 0.6011264582695868, 0.5701199110319295]
相对误差 => [-0.12481574715523999, -0.08092186664104524, -0.039908575404483525, -0.08279453285629194, -0.14345121204980507, -0.003107034378795258, -0.15537790958232672]
平均误差 => -0.09005383972399826

佛山市南海键泓五金有限公司
真实数据 => [0.9000000000000004, 0.8660000000000003, 0.9460000000000004, 0.4780000000000002, 0.40800000000000014, 0.36000000000000015, 0.0]
预测数据 => [1.676538684325304, 1.6922310271604362, 1.7079233699955685, 1.7236157128307006, 1.739308055665833, 1.755000398500965, 1.770692741336097]
相对误差 => [0.8628207603614482, 0.9540773985686323, 0.8054158245196277, 2.605890612616527, 3.263009940357432, 3.8750011069471233, inf]
平均误差 => 2.061035940561798

惠州市华阳集团股份有限公司
真实数据 => [24.069, 25.446000000000005, 0.0, 0.0, 0.0, 0.0, 25.355500000000003]
预测数据 => [33.98201128146646, 35.97630390510243, 37.970596528738376, 39.96488915237433, 41.95918177601028, 43.95347439964624, 45.94776702328219]
相对误差 => [0.41185804484882893, 0.41382943901212055, inf, inf, inf, inf, 0.812142021387162]
平均误差 => 0.5459431684160371

空气化工产品（广州）有限公司
真实数据 => [48.092000000000006, 40.876000000000005, 48.136, 48.18, 48.18, 13.244, 0.0]
预测数据 => [48.90830480339686, 49.09378221559359, 49.27925962779032, 49.46473703998705, 49.65021445218377, 49.8356918643805, 50.02116927657723]
相对误差 => [0.01697381692166792, 0.20104174125632612, 0.023750615501710037, 0.026665359900104813, 0.030515036367450562, 2.7628882410435294, inf]
平均误差 => 0.5103058018317982

四会市澳华饲料有限公司
真实数据 => [1.686, 1.8791999999999998, 1.8203999999999998, 2.0380000000000007, 2.7176, 0.0, 2.6788000000000003]
预测数据 => [1.8240551432344796, 1.9924697051163953, 2.1608842669983104, 2.3292988288802254, 2.497713390762141, 2.666127952644056, 2.8345425145259715]
相对误差 => [0.08188324035259766, 0.06027549229267538, 0.18703816029351275, 0.14293367462228884, -0.08091205815346596, inf, 0.05813891090263222]
平均误差 => 0.07489290338504015

东莞市恩瑞精密电子有限公司
真实数据 => [1.6728000000000003, 1.6776, 1.7412, 1.7316000000000003, 1.6956000000000004, 1.7184000000000004, 1.7075999999999998]
预测数据 => [2.6412111661741045, 2.8180432725679108, 2.9948753789617175, 3.1717074853555243, 3.3485395917493315, 3.525371698143138, 3.7022038045369454]
相对误差 => [0.5789162877654854, 0.6798064333380489, 0.7200065351261873, 0.8316629044557194, 0.9748405235605866, 1.0515431204278034, 1.1680743760464662]
平均误差 => 0.8578357401028995

珠海方正科技多层电路板有限公司
真实数据 => [50.02944200000001, 50.85326800000001, 51.03205300000001, 51.067896, 51.122429000000004, 51.499216, 50.93518600000001]
预测数据 => [71.48697973712585, 75.80536881778531, 80.12375789844477, 84.44214697910422, 88.76053605976368, 93.07892514042312, 97.39731422108261]
相对误差 => [0.4288982023250596, 0.49066858039065053, 0.5700673045320114, 0.6535270413158245, 0.7362347172463904, 0.807385284087104, 0.9121813793137536]
平均误差 => 0.6569946441729707

广东阿博特数码纸业有限公司
真实数据 => [0.47800000000000015, 0.35400000000000004, 0.276, 0.248, 3.3147, 0.0, 0.0]
预测数据 => [4.328298083840239, 4.644247149256734, 4.9601962146732275, 5.276145280089723, 5.592094345506217, 5.908043410922711, 6.223992476339206]
相对误差 => [8.05501691179966, 12.119342229538795, 16.97172541548271, 20.274779355200494, 0.6870589632564686, inf, inf]
平均误差 => 11.621584575055625

惠州至精精密技术有限公司
真实数据 => [18.839999999999996, 18.714000000000002, 18.426, 18.443999999999996, 18.234, 17.447999999999997, 16.692000000000004]
预测数据 => [16.838827764481078, 18.04968627797681, 19.260544791472544, 20.471403304968277, 21.68226181846401, 22.893120331959743, 24.10397884545548]
相对误差 => [-0.10621933309548402, -0.03549822176035008, 0.04529169605299824, 0.1099221050188832, 0.1891116495812223, 0.312077047911494, 0.4440437841753819]
平均误差 => 0.13696124684059224

惠州麦丰密封科技有限公司
真实数据 => [2.4420000000000006, 2.508, 2.472, 2.484, 2.5500000000000003, 2.508, 2.49]
预测数据 => [4.491001229778442, 4.914328818967644, 5.337656408156845, 5.760983997346047, 6.184311586535247, 6.607639175724449, 7.030966764913651]
相对误差 => [0.8390668426611143, 0.9594612515819952, 1.159246119804549, 1.3192367139074264, 1.4252202300138221, 1.6346248707035282, 1.823681431692229]
平均误差 => 1.3086482086235234

惠州昌兴轻质砖有限公司
真实数据 => [0.5510000000000003, 0.5300000000000002, 0.0, 0.0, 0.0, 0.0, 0.10400000000000001]
预测数据 => [0.49563168429163723, 0.4981454755185937, 0.5006592667455502, 0.5031730579725066, 0.5056868491994629, 0.5082006404264194, 0.5107144316533758]
相对误差 => [-0.10048696135819057, -0.06010287638001238, inf, inf, inf, inf, 3.910715688974767]
平均误差 => 1.250041950412188

惠州市大纵横新实业有限公司
真实数据 => [0.9950000000000003, 0.9750000000000004, 0.9800000000000004, 0.9770000000000004, 0.9840000000000004, 0.9350000000000004, 0.9890000000000003]
预测数据 => [0.9594384501649816, 0.955813574746865, 0.9521886993287485, 0.948563823910632, 0.9449389484925155, 0.941314073074399, 0.9376891976562824]
相对误差 => [-0.035740251090471034, -0.019678384875010668, -0.02837887823597134, -0.029105605004471263, -0.03969619055638713, 0.006753019330907563, -0.05188149883085729]
平均误差 => -0.028246827037465883

肇庆晋业金属电子制品有限公司
真实数据 => [0.9759999999999999, 0.7127999999999999, 0.6864000000000001, 0.684, 0.7135999999999999, 0.0, 0.0]
预测数据 => [3.3382846457833133, 3.421198594291138, 3.5041125427989623, 3.587026491306786, 3.669940439814611, 3.7528543883224352, 3.83576833683026]
相对误差 => [2.420373612482903, 3.7996613275689373, 4.105059065849304, 4.244190776764307, 4.1428537553455875, inf, inf]
平均误差 => 3.742427707602208

深圳市洲明科技股份有限公司
真实数据 => [1.4850000000000003, 1.485, 2.0500000000000003, 1.735, 1.7200000000000002, 1.6850000000000005, 1.7350000000000003]
预测数据 => [3.3558596978282664, 3.479766958905146, 3.603674219982026, 3.7275814810589067, 3.851488742135786, 3.975396003212666, 4.099303264289547]
相对误差 => [1.2598381803557346, 1.3432774134041385, 0.7578898634058662, 1.148461948737122, 1.2392376407766195, 1.359285461847279, 1.362710815152476]
平均误差 => 1.2101001890970338

广东艾希德药业有限公司
真实数据 => [1.5180000000000005, 1.5540000000000007, 1.8780000000000008, 1.5540000000000007, 1.5300000000000007, 1.3020000000000005, 1.4700000000000006]
预测数据 => [3.8779386706961683, 4.20967647623287, 4.54141428176957, 4.873152087306271, 5.2048898928429725, 5.5366276983796725, 5.868365503916375]
相对误差 => [1.5546368054651956, 1.708929521385372, 1.418218467395936, 2.135876504058088, 2.4018888188516145, 3.252402226098057, 2.992085376813859]
平均误差 => 2.2091482457240175

惠州市德鑫盛物业管理有限公司
真实数据 => [1.0552400000000002, 1.1612399999999996, 1.0915999999999997, 1.0139599999999998, 0.94806, 0.7679799999999999, 0.81424]
预测数据 => [0.3674433871982943, 0.2868224378979935, 0.2062014885976928, 0.12558053929739216, 0.04495958999709148, -0.03566135930320934, -0.11628230860351016]
相对误差 => [-0.651791642471576, -0.7530033086201012, -0.8111016044359721, -0.87614842863881, -0.952577273593347, -1.0464352708445654, -1.1428108525784906]
平均误差 => -0.890552625883266

广东精工钢结构有限公司
真实数据 => [1.5030000000000001, 1.6739999999999997, 1.6320000000000001, 1.5720000000000003, 1.572, 0.0, 0.0]
预测数据 => [1.9733031008364768, 2.1656006672002257, 2.357898233563975, 2.5501957999277236, 2.7424933662914732, 2.934790932655222, 3.127088499018971]
相对误差 => [0.31290958139486136, 0.2936682599762402, 0.4447905842916512, 0.6222619592415541, 0.7445886554017005, inf, inf]
平均误差 => 0.48364380806120144

华美节能科技（广东）有限公司
真实数据 => [4.8160000000000025, 4.7680000000000025, 4.632000000000002, 4.736000000000002, 4.744000000000002, 0.0, 0.0]
预测数据 => [4.153613799033156, 4.544258449867128, 4.934903100701099, 5.32554775153507, 5.716192402369042, 6.106837053203012, 6.497481704036985]
相对误差 => [-0.13753866299145476, -0.046925660682230426, 0.06539358823426096, 0.12448221105047873, 0.20493094485013463, inf, inf]
平均误差 => 0.04206848409223783

杰森石膏板（惠州）有限公司
真实数据 => [1.0680000000000003, 2.1209999999999996, 3.5490000000000004, 3.528000000000001, 3.51, 3.5759999999999987, 3.6119999999999988]
预测数据 => [3.60554782618864, 3.6151263597736167, 3.624704893358593, 3.6342834269435698, 3.6438619605285467, 3.653440494113523, 3.6630190276984997]
相对误差 => [2.375981110663519, 0.7044442997518234, 0.02133133089844813, 0.030125687909174834, 0.03813731069189372, 0.021655619159262885, 0.014124869241002489]
平均误差 => 0.457971461187875

广东广惠高速公路有限公司
真实数据 => [2.8710129999999996, 2.746330999999999, 2.717785, 2.68836, 1.2256550000000002, 2.6556580000000003, 1.4002899999999996]
预测数据 => [1.3875541358979167, 1.3453134288708872, 1.3030727218438578, 1.2608320148168282, 1.2185913077897985, 1.176350600762769, 1.13410989373574]
相对误差 => [-0.5167022455495963, -0.5101415565454828, -0.5205387027142111, -0.5310032827386109, -0.005763197808683229, -0.5570398745761808, -0.19008927169676265]
平均误差 => -0.40446830451850396

东莞市泽祥实业投资有限公司
真实数据 => [5.4030000000000005, 5.253, 5.2860000000000005, 5.156999999999998, 5.1960000000000015, 4.691999999999999, 4.83]
预测数据 => [6.115172178897459, 6.691960562616346, 7.268748946335232, 7.845537330054118, 8.422325713773002, 8.999114097491889, 9.575902481210777]
相对误差 => [0.13181050877243353, 0.2739311941017221, 0.37509439015044105, 0.5213374694694823, 0.6209248871772517, 0.9179697564986978, 0.9825885054266619]
平均误差 => 0.5462366730852415

广东潮惠高速公路有限公司
真实数据 => [4.504515999999999, 3.7588999999999997, 3.6759000000000004, 4.6018, 3.2060000000000004, 3.206, 3.3044]
预测数据 => [4.977816520754841, 5.034976397286572, 5.092136273818304, 5.149296150350035, 5.206456026881767, 5.2636159034134975, 5.3207757799452295]
相对误差 => [0.10507244746268903, 0.3394813369035017, 0.38527606132329595, 0.11897434707071913, 0.6239725598508318, 0.6418015918320329, 0.6102093511515645]
平均误差 => 0.4035410993706621

惠州市特创电子科技有限公司
真实数据 => [9.443000000000001, 9.742, 9.546999999999999, 9.048000000000002, 9.8, 9.577, 10.019]
预测数据 => [16.05386020162868, 17.113230977318636, 18.172601753008585, 19.23197252869854, 20.291343304388494, 21.350714080078447, 22.4100848557684]
相对误差 => [0.7000805042495688, 0.7566445265159757, 0.9034881903224665, 1.1255495721373274, 1.0705452351416829, 1.2293739250369058, 1.2367586441529492]
平均误差 => 1.0032057996509824

佛山市南海兴金然金属制品有限公司
真实数据 => [3.096, 2.7480000000000007, 2.154, 0.168, 0.126, 0.10800000000000001, 0.0]
预测数据 => [4.972710171675906, 5.3020667921105336, 5.6314234125451605, 5.960780032979788, 6.290136653414415, 6.6194932738490415, 6.948849894283671]
相对误差 => [0.606172536071029, 0.9294275080460452, 1.6144026984889326, 34.48083352964159, 48.92171947154298, 60.29160438749112, inf]
平均误差 => 24.474026688546946

惠州市普林摩斯无纺布有限公司
真实数据 => [1.4160000000000001, 1.6596000000000002, 1.6380000000000003, 1.6284, 1.6596, 1.5528000000000002, 1.6572000000000002]
预测数据 => [0.816261043427207, 0.7492006119121281, 0.6821401803970493, 0.6150797488819704, 0.5480193173668916, 0.4809588858518129, 0.4138984543367339]
相对误差 => [-0.42354446085649233, -0.5485655507880646, -0.5835530034206049, -0.6222796924085173, -0.6697883120228418, -0.6902634686683329, -0.7502423036828785]
平均误差 => -0.6126052559782474

揭阳市宏光镀膜玻璃有限公司
真实数据 => [1.1745, 0.7755000000000001, 0.5505000000000002, 0.9090000000000001, 1.1999999999999997, 1.2119999999999995, 1.125]
预测数据 => [1.3172306453610614, 1.441781019555249, 1.5663313937494363, 1.6908817679436239, 1.815432142137811, 1.9399825163319984, 2.064532890526186]
相对误差 => [0.12152460226569713, 0.8591631457836864, 1.8452886353304918, 0.8601559603340194, 0.5128601184481761, 0.6006456405379531, 0.8351403471343875]
平均误差 => 0.8049683499763446

钧星精密部件（惠州）有限公司
真实数据 => [0.27647999999999995, 0.28224000000000005, 0.18719899999999995, 0.32368, 0.34928, 0.0632, 0.30976000000000004]
预测数据 => [0.6816500887847265, 0.745733286226351, 0.8098164836679751, 0.8738996811095991, 0.9379828785512235, 1.0020660759928477, 1.0661492734344722]
相对误差 => [1.4654589438104988, 1.6421956002917761, 3.325965863428626, 1.6998877938383563, 1.6854754882937002, 14.855475885962777, 2.4418558672342203]
平均误差 => 3.8737593489799935

广州海滔环保科技有限公司
真实数据 => [6.071999999999997, 6.215999999999998, 6.125999999999998, 6.095999999999998, 6.089999999999998, 6.024000000000002, 6.114000000000001]
预测数据 => [6.387579989366197, 6.4025874718582045, 6.417594954350212, 6.43260243684222, 6.447609919334227, 6.462617401826236, 6.477624884318243]
相对误差 => [0.05197298902605391, 0.03001728955247847, 0.0475995681276877, 0.055216935177529874, 0.05872084061317395, 0.07281165368961391, 0.05947413875012141]
平均误差 => 0.053687630705237036

佛山道格科技有限公司
真实数据 => [1.225, 1.0287000000000004, 0.8060000000000002, 0.7490000000000001, 1.2480000000000004, 1.146, 1.1220000000000003]
预测数据 => [1.3207723413606158, 1.3418938906106483, 1.3630154398606806, 1.3841369891107131, 1.4052585383607457, 1.426380087610778, 1.4475016368608105]
相对误差 => [0.07818150315152304, 0.30445600331549316, 0.6910861536733007, 0.8479799587592963, 0.12600844419931503, 0.24465976231306985, 0.29010841074938504]
平均误差 => 0.36892574802305483

野宝车料工业（深圳）有限公司
真实数据 => [1.878, 2.7359999999999998, 2.7600000000000002, 2.7419999999999995, 2.7539999999999996, 2.808, 2.2559999999999993]
预测数据 => [2.4495192798448877, 2.4283235515204145, 2.4071278231959403, 2.3859320948714666, 2.364736366546993, 2.343540638222519, 2.322344909898045]
相对误差 => [0.3043233651996208, -0.1124548422805502, -0.12785223797248546, -0.12985700405854594, -0.14134481969971194, -0.16540575561876106, 0.029408204742041567]
平均误差 => -0.04902615566977032

惠州市健新粘扣带有限公司
真实数据 => [1.3680000000000005, 1.3340000000000007, 1.3080000000000007, 1.2400000000000007, 1.1740000000000006, 1.1780000000000006, 0.9220000000000003]
预测数据 => [2.3018728803944115, 2.411429190353778, 2.5209855003131447, 2.6305418102725113, 2.740098120231878, 2.8496544301912436, 2.959210740150611]
相对误差 => [0.6826556143233996, 0.8076680587359646, 0.9273589451935347, 1.121404685703637, 1.3339847702145455, 1.4190614857311055, 2.209556117300011]
平均误差 => 1.214527096743171

广州海霸王食品有限公司
真实数据 => [7.320000000000001, 7.460000000000001, 7.040000000000002, 7.62, 8.17, 7.98, 7.889999999999998]
预测数据 => [4.465402019937089, 4.580154863381474, 4.694907706825859, 4.809660550270244, 4.924413393714628, 5.039166237159013, 5.153919080603398]
相对误差 => [-0.3899724016479387, -0.3860382220668266, -0.3331097007349634, -0.3688109514081045, -0.397256622556349, -0.3685255341905999, -0.3467783167803043]
平均误差 => -0.3700702499121552

广州立白企业集团有限公司
真实数据 => [2.3082400000000005, 2.2882600000000006, 2.288300000000001, 2.3483, 2.3882999999999996, 1.66832, 1.5683]
预测数据 => [3.0740428588567528, 3.168271427472383, 3.262499996088014, 3.356728564703645, 3.4509571333192754, 3.545185701934906, 3.6394142705505366]
相对误差 => [0.33176916562261816, 0.38457667724488576, 0.42573089021894533, 0.42942918907449856, 0.44494290219791316, 1.125003417770515, 1.3206110250274414]
平均误差 => 0.637437609593831

惠东县弘图酒店管理有限公司
真实数据 => [0.9700000000000004, 0.8400000000000003, 0.7950000000000003, 0.8250000000000002, 0.8250000000000002, 0.9350000000000003, 1.0850000000000002]
预测数据 => [2.5919494497713416, 2.836240434896575, 3.0805314200218077, 3.324822405147041, 3.5691133902722743, 3.8134043753975075, 4.057695360522741]
相对误差 => [1.672112834815815, 2.3764767082102067, 2.8748822893356056, 3.030087763814594, 3.326198048814877, 3.078507353366317, 2.7398113921868577]
平均误差 => 2.728296627220611

广州城市用电服务有限公司
真实数据 => [10.358755999999996, 10.379776, 10.469789, 9.777238000000004, 10.183429, 9.668484000000001, 7.433826999999999]
预测数据 => [10.26610265564351, 11.26114381169272, 12.25618496774193, 13.25122612379114, 14.24626727984035, 15.241308435889557, 16.236349591938772]
相对误差 => [-0.008944447031717592, 0.08491202620294706, 0.17062387482134833, 0.3553138548730362, 0.3989656411254352, 0.576390718119775, 1.18411722413486]
平均误差 => 0.39448269889224064

惠州市长和五金电子有限公司
真实数据 => [3.8165800000000005, 3.8898200000000003, 3.73202, 3.40352, 3.60798, 0.0, 0.0]
预测数据 => [5.062017645344138, 5.2298048192318785, 5.39759199311962, 5.56537916700736, 5.7331663408951, 5.900953514782842, 6.068740688670582]
相对误差 => [0.3263229502182942, 0.34448504538304553, 0.44629235457463245, 0.6351833299076721, 0.5890238695600032, inf, inf]
平均误差 => 0.4682615099287295

珠海格力港珠澳大桥珠海口岸建设管理有限公司
真实数据 => [1.0418500000000002, 1.1027, 1.0956, 1.08495, 1.0472499999999998, 1.2466, 1.1108500000000001]
预测数据 => [0.7514286479276567, 0.7378743806271297, 0.7243201133266027, 0.7107658460260758, 0.6972115787255488, 0.683657311425022, 0.670103044124495]
相对误差 => [-0.2787554370325319, -0.3308475735674891, -0.3388827005051088, -0.3448860813622049, -0.33424532945758034, -0.45158245513795764, -0.396765500180497]
平均误差 => -0.35370929674905277

惠州市澳华饲料有限公司
真实数据 => [3.33, 2.742, 0.0, 0.0, 0.0, 0.0, 1.602]
预测数据 => [4.527427803739481, 4.95030196270516, 5.373176121670838, 5.796050280636517, 6.218924439602195, 6.641798598567873, 7.064672757533553]
相对误差 => [0.35958792905089504, 0.8053617661215025, inf, inf, inf, inf, 3.4099080883480353]
平均误差 => 1.5249525945068108

金融街物业股份有限公司惠州分公司
真实数据 => [1.2419799999999999, 1.20202, 1.08858, 1.04934, 0.9995000000000002, 1.0021799999999998, 0.9545]
预测数据 => [1.5700414273315326, 1.6098021504060385, 1.649562873480545, 1.689323596555051, 1.7290843196295576, 1.7688450427040634, 1.80860576577857]
相对误差 => [0.26414388905741865, 0.3392473922281146, 0.515334539933257, 0.6098915475966332, 0.7299492942766956, 0.7649973484843677, 0.8948200793908537]
平均误差 => 0.5883405844239059

惠东县新骏实业有限公司
真实数据 => [0.8313799999999999, 0.9443000000000001, 0.91696, 0.9099800000000001, 0.9255200000000001, 0.17649000000000004, 0.7670200000000001]
预测数据 => [1.3627700853949452, 1.4914159500590944, 1.6200618147232433, 1.7487076793873921, 1.8773535440515412, 2.00599940871569, 2.134645273379839]
相对误差 => [0.639166308300591, 0.5793878534989878, 0.766774793582319, 0.921699025679017, 1.0284310917662947, 10.366079713953706, 1.7830373046072316]
平均误差 => 2.297796584484021

惠州市科域新材料科技有限公司
真实数据 => [0.3380000000000001, 0.49800000000000016, 0.5180000000000001, 0.5290000000000001, 0.5480000000000002, 0.5050000000000001, 0.5410000000000001]
预测数据 => [0.9073317209422351, 0.994482248662072, 1.081632776381909, 1.1687833041017457, 1.2559338318215825, 1.3430843595414192, 1.4302348872612562]
相对误差 => [1.6844133755687423, 0.9969523065503447, 1.0880941628994376, 1.209420234596872, 1.2918500580685806, 1.6595729891909285, 1.6436874071372567]
平均误差 => 1.3677129334303089

广东罗浮山国药股份有限公司
真实数据 => [5.552850000000001, 5.5379499999999995, 5.33115, 5.4325, 5.204299999999999, 5.251, 5.5593499999999985]
预测数据 => [9.429887795082296, 9.885298636603707, 10.340709478125119, 10.796120319646528, 11.25153116116794, 11.70694200268935, 12.162352844210762]
相对误差 => [0.6982068298409454, 0.7850104527133159, 0.9396770824540893, 0.9873208135566549, 1.1619682111269414, 1.229469054025776, 1.1877292928509207]
平均误差 => 0.9984831052240919

惠州市金艺机械制品有限公司
真实数据 => [0.70866, 0.70278, 0.6999599999999999, 0.71054, 0.70106, 0.38138, 0.62284]
预测数据 => [1.4669155040717436, 1.605835981297805, 1.7447564585238662, 1.8836769357499275, 2.0225974129759883, 2.1615178902020498, 2.3004383674281113]
相对误差 => [1.0699849068266076, 1.2849767797857152, 1.492651663700592, 1.6510498152812334, 1.8850560764784587, 4.667622555461874, 2.6934660064031073]
平均误差 => 2.1064011148482265

广东劲天科技有限公司
真实数据 => [4.544920000000001, 4.402892, 4.5143, 4.465, 4.4283399999999995, 4.4779800000000005, 4.00402]
预测数据 => [5.614432743146999, 5.733845891892983, 5.853259040638967, 5.972672189384952, 6.092085338130937, 6.21149848687692, 6.330911635622905]
相对误差 => [0.23532047718045587, 0.30229083336429413, 0.2966039121544795, 0.33766454409517416, 0.3757040647581119, 0.38712064075250874, 0.5811388643470575]
平均误差 => 0.3594061909502974

惠州市吉鹏精密技术有限公司
真实数据 => [0.5030000000000002, 0.47500000000000014, 0.5420000000000001, 0.5480000000000003, 0.5200000000000002, 0.5200000000000001, 0.0]
预测数据 => [0.4051429152107927, 0.4005519781058678, 0.3959610410009428, 0.3913701038960179, 0.3867791667910929, 0.382188229686168, 0.37759729258124314]
相对误差 => [-0.1945468882489214, -0.15673267767185753, -0.2694445737989987, -0.2858209782919385, -0.2561939100171293, -0.2650226352189079, inf]
平均误差 => -0.2379602772079589

惠州昌钲新材料有限公司
真实数据 => [0.8324999999999999, 1.3484999999999996, 1.3785000000000003, 0.37349999999999994, 1.1595000000000002, 1.2105000000000004, 0.36000000000000015]
预测数据 => [1.4639085332524904, 1.5541359172597797, 1.6443633012670693, 1.7345906852743587, 1.824818069281648, 1.9150454532889372, 2.0052728372962267]
相对误差 => [0.7584486885915802, 0.15249233760458303, 0.19286420113679287, 3.644151767802835, 0.5737973861851209, 0.5820284620313396, 4.57020232582285]
平均误差 => 1.496283595596443

广州市劲天联动新能源科技有限公司
真实数据 => [0.28200000000000003, 0.34800000000000003, 0.31800000000000006, 0.28500000000000003, 0.2910000000000001, 0.282, 0.25500000000000006]
预测数据 => [0.719472060440869, 0.7723260421642812, 0.8251800238876934, 0.8780340056111057, 0.9308879873345177, 0.98374196905793, 1.0365959507813425]
相对误差 => [1.5513193632654925, 1.2193277073686242, 1.5949057354958907, 2.0808210723196687, 2.198927791527551, 2.488446698786986, 3.065082159926832]
平均误差 => 2.0284043612415776

惠州市简欧家具有限公司
真实数据 => [0.6569999999999999, 0.5727, 0.5681999999999999, 0.6011999999999997, 0.5742, 0.43649999999999994, 0.5817]
预测数据 => [0.8176330494696, 0.8607846429518079, 0.9039362364340157, 0.9470878299162234, 0.9902394233984312, 1.0333910168806388, 1.0765426103628468]
相对误差 => [0.24449474805114174, 0.5030288858945485, 0.5908768680640897, 0.5753290584102193, 0.7245548996837881, 1.3674479195432738, 0.8506835316535101]
平均误差 => 0.6937737016143674

惠州市远达电业五金制品有限公司
真实数据 => [0.4930800000000001, 0.41759999999999997, 0.51696, 0.5272800000000001, 0.49295999999999995, 0.41136, 0.46764]
预测数据 => [0.5535265918975265, 0.5909193328995044, 0.6283120739014824, 0.6657048149034602, 0.7030975559054382, 0.7404902969074161, 0.7778830379093941]
相对误差 => [0.12258982700074314, 0.41503671671337267, 0.2153978526413695, 0.2625262003175924, 0.4262770932843198, 0.800102822120323, 0.6634227993956763]
平均误差 => 0.41505047306762816

惠州市信牌电缆有限公司
真实数据 => [0.321, 0.14700000000000002, 0.17400000000000004, 0.19800000000000006, 0.07200000000000002, 0.026999999999999996, 0.0]
预测数据 => [0.8293486254111546, 0.8709309939663762, 0.9125133625215978, 0.9540957310768192, 0.9956780996320408, 1.0372604681872624, 1.078842836742484]
相对误差 => [1.5836405776048432, 4.924700639227048, 4.244329669664354, 3.8186653084687823, 12.828862494889451, 37.41705437730602, inf]
平均误差 => 10.802875511193415

广东银禧科技股份有限公司
真实数据 => [3.3792, 4.7304, 4.788000000000001, 4.575000000000001, 4.635000000000001, 4.6926, 4.4646]
预测数据 => [8.267058855590768, 8.855379032366576, 9.443699209142386, 10.032019385918192, 10.620339562694, 11.208659739469805, 11.796979916245615]
相对误差 => [1.4464544435342, 0.8720148470248976, 0.9723682558776908, 1.1927911226050687, 1.2913353964819845, 1.3885819672398683, 1.6423374806803779]
平均误差 => 1.257983359063441

广东南方宏明电子科技股份有限公司
真实数据 => [2.476000000000001, 2.51, 2.5394999999999994, 2.526, 1.2289999999999999, 2.2539999999999996, 2.4800000000000004]
预测数据 => [0.7224333569828468, 0.6631649867244167, 0.6038966164659865, 0.5446282462075563, 0.4853598759491261, 0.4260915056906961, 0.3668231354322656]
相对误差 => [-0.7082256231894803, -0.7357908419424635, -0.7621986152919918, -0.78439103475552, -0.6050773995531927, -0.81096206491096, -0.8520874453902155]
平均误差 => -0.7512475750048321

光胜光电科技（惠州）有限公司
真实数据 => [0.25164, 0.25308, 0.20952, 0.2598, 0.26915999999999995, 0.26232, 0.26796]
预测数据 => [0.4634937187895528, 0.49501623998385513, 0.5265387611781573, 0.5580612823724597, 0.5895838035667619, 0.6211063247610641, 0.6526288459553664]
相对误差 => [0.8418920632234655, 0.9559674410615421, 1.5130715978338931, 1.148041887499845, 1.19045847661897, 1.3677429275734374, 1.435545775322311]
平均误差 => 1.2075314527333523

惠州市铭彩科技有限公司
真实数据 => [0.612, 0.5599999999999999, 0.0, 0.0, 0.0, 0.0, 0.5730000000000002]
预测数据 => [0.331026018969661, 0.3437220947948062, 0.3564181706199514, 0.3691142464450967, 0.3818103222702419, 0.3945063980953872, 0.40720247392053244]
相对误差 => [-0.4591078121410768, -0.3862105450092746, inf, inf, inf, inf, -0.28934995825387033]
平均误差 => -0.3782227718014073

广东惠州平海发电厂有限公司
真实数据 => [0.33, 0.0, 0.33, 0.0, 0.33, 0.0, 0.33]
预测数据 => [16.787630036831995, 17.282733517823843, 17.77783699881569, 18.272940479807545, 18.768043960799393, 19.263147441791244, 19.75825092278309]
相对误差 => [49.87160617221817, inf, 52.87223332974452, inf, 55.87286048727089, inf, 58.87348764479725]
平均误差 => 54.37254690850771

空气化工产品（深圳）有限公司
真实数据 => [25.271999999999995, 25.487999999999992, 25.487999999999992, 25.46399999999999, 25.535999999999994, 25.656, 25.824]
预测数据 => [77.18675120560769, 81.83900656300368, 86.49126192039965, 91.14351727779562, 95.7957726351916, 100.44802799258757, 105.10028334998356]
相对误差 => [2.0542399179173674, 2.2108838105384376, 2.3934110922944005, 2.5793087212455097, 2.7514008707390203, 2.9151866227232452, 3.069868469252771]
平均误差 => 2.567757072101536

广东溢达纺织有限公司
真实数据 => [7.047600000000002, 11.7451, 14.31, 15.177700000000002, 5.9004, 5.2809, 16.299599999999998]
预测数据 => [64.64367792686845, 69.03338354773072, 73.42308916859301, 77.81279478945528, 82.20250041031755, 86.59220603117984, 90.98191165204213]
相对误差 => [8.172438550267954, 4.877632676412352, 4.1308937224733056, 4.126784347394881, 12.931682667330612, 15.397244036277877, 4.581849349189069]
平均误差 => 7.745503621335151

惠州市彩煌科技有限公司
真实数据 => [1.6829999999999998, 1.716, 1.83, 1.848, 1.836, 1.6890000000000003, 1.8510000000000002]
预测数据 => [3.6831203612065617, 4.030531988839403, 4.377943616472243, 4.725355244105083, 5.072766871737922, 5.4201784993707625, 5.767590127003603]
相对误差 => [1.1884256453990267, 1.3487948652910273, 1.3923189161050509, 1.5570104134767766, 1.7629449192472342, 2.2091050913977277, 2.115931997300704]
平均误差 => 1.653504549745364

珠海越亚半导体股份有限公司
真实数据 => [16.087999999999997, 16.06789, 15.685800000000002, 15.826569999999998, 15.947229999999998, 15.967339999999998, 15.82657]
预测数据 => [12.97226787497885, 13.91529939219584, 14.858330909412825, 15.801362426629812, 16.744393943846795, 17.687425461063782, 18.630456978280773]
相对误差 => [-0.19366808335536717, -0.13396846803184234, -0.052752750295629, -0.0015927376159323762, 0.049987611882866025, 0.10772523545335565, 0.17716327531996967]
平均误差 => -0.006729416663225637

惠州市旭丰新材料制造有限公司
真实数据 => [0.7060000000000002, 0.5259999999999999, 0.5599999999999999, 0.6940000000000001, 0.7440000000000002, 0.7360000000000002, 0.6500000000000001]
预测数据 => [1.072958151834596, 1.1452201475967263, 1.2174821433588563, 1.2897441391209865, 1.3620061348831165, 1.4342681306452463, 1.506530126407377]
相对误差 => [0.5197707533067929, 1.177224615202902, 1.174075255997958, 0.8584209497420553, 0.8306534071009625, 0.9487338731593015, 1.3177386560113487]
平均误差 => 0.9752310729316173

惠州华创新材有限公司
真实数据 => [0.3252, 0.385, 0.36740000000000006, 0.5993999999999999, 0.33400000000000013, 0.3022, 0.5550000000000002]
预测数据 => [2.333764452229964, 2.55196703798846, 2.770169623746955, 2.9883722095054503, 3.206574795263946, 3.4247773810224413, 3.6429799667809375]
相对误差 => [6.176397454581685, 5.628485812957039, 6.539928208347726, 3.9856059551308816, 8.600523339113607, 10.332817276712246, 5.563927868073759]
平均误差 => 6.689669416416707

惠州市一电电池技术有限公司
真实数据 => [3.0210000000000004, 2.9460000000000006, 2.925, 3.0329999999999995, 3.069, 3.035999999999999, 2.865]
预测数据 => [0.0, 0.0, 0.0, 0.0, 0.0, 0.0, 0.0]
相对误差 => [-1.0, -1.0, -1.0, -1.0, -1.0, -1.0, -1.0]
平均误差 => -1.0

海霸王（汕头）食品有限公司
真实数据 => [11.8859, 11.6475, 11.5531, 11.692000000000002, 11.6363, 11.1303, 11.1909]
预测数据 => [11.290581238437133, 11.805316233415656, 12.320051228394178, 12.8347862233727, 13.349521218351219, 13.86425621332974, 14.378991208308266]
相对误差 => [-0.05008613243951798, 0.013549365393059043, 0.06638488616857614, 0.09774086754812668, 0.1472307536202417, 0.24563185298956366, 0.2848824677468539]
平均误差 => 0.11504772300384332

惠州巽寮湾游艇会有限公司
真实数据 => [0.02600000000000001, 0.024000000000000007, 0.024000000000000007, 0.024000000000000007, 0.022000000000000006, 0.022000000000000006, 0.022000000000000006]
预测数据 => [0.0, 0.0, 0.0, 0.0, 0.0, 0.0, 0.0]
相对误差 => [-1.0, -1.0, -1.0, -1.0, -1.0, -1.0, -1.0]
平均误差 => -1.0

四会市亿和铝业有限公司
真实数据 => [3.688000000000001, 3.616000000000001, 3.640000000000001, 3.712000000000001, 3.8480000000000016, 0.0, 0.0]
预测数据 => [3.506129958015688, 3.6118956456847062, 3.717661333353723, 3.8234270210227406, 3.9291927086917577, 4.034958396360775, 4.1407240840297925]
相对误差 => [-0.049314002707243176, -0.0011350537376368269, 0.021335531141132395, 0.030018055232419034, 0.02109997627124638, inf, inf]
平均误差 => 0.004400901239983561

金融街惠州置业有限公司金海湾喜来登度假酒店
真实数据 => [1.1273600000000001, 0.9321200000000001, 0.9955200000000002, 0.9060400000000001, 0.9039799999999999, 0.9194200000000001, 0.9055199999999999]
预测数据 => [0.0, 0.0, 0.0, 0.0, 0.0, 0.0, 0.0]
相对误差 => [-1.0, -1.0, -1.0, -1.0, -1.0, -1.0, -1.0]
平均误差 => -1.0

天活松林光学（广州）有限公司
真实数据 => [2.9763200000000003, 2.9259200000000005, 2.95264, 2.94368, 2.9135999999999997, 3.0256, 2.5631999999999997]
预测数据 => [5.74730332465913, 6.170926949342419, 6.594550574025708, 7.018174198708996, 7.441797823392285, 7.865421448075573, 8.289045072758864]
相对误差 => [0.9310098795355102, 1.1090552541909613, 1.233442131118493, 1.3841498392179161, 1.5541590552554523, 1.5996236938377753, 2.2338658991724656]
平均误差 => 1.435043678904082

四会市辉煌金属制品有限公司
真实数据 => [2.3370000000000006, 2.3070000000000004, 2.322, 2.076, 2.1660000000000004, 0.0, 0.0]
预测数据 => [2.4971580589240268, 2.499448352484416, 2.501738646044806, 2.504028939605196, 2.506319233165585, 2.5086095267259747, 2.5108998202863644]
相对误差 => [0.06853147579119644, 0.08341931187014112, 0.077406824308702, 0.20617964335510391, 0.1571187595408978, inf, inf]
平均误差 => 0.11853120297320825

金融街（惠州）金禧丽景酒店管理有限责任公司融玺分公司
真实数据 => [0.022000000000000013, 0.022000000000000013, 0.022000000000000013, 0.022000000000000013, 0.02100000000000001, 0.02000000000000001, 0.023000000000000013]
预测数据 => [0.03497411348311359, 0.0367216499397557, 0.038469186396397806, 0.040216722853039906, 0.04196425930968201, 0.04371179576632412, 0.04545933222296623]
相对误差 => [0.5897324310506169, 0.6691659063525308, 0.7485993816544447, 0.8280328569563583, 0.998298062365809, 1.1855897883162048, 0.9764927053463566]
平均误差 => 0.8565587331489031

惠州市进新电子实业有限公司
真实数据 => [1.76712, 1.7708599999999999, 1.8932799999999996, 1.9464600000000003, 1.8195000000000003, 1.8823400000000003, 1.8854000000000002]
预测数据 => [3.0478695179863946, 3.3354492974612953, 3.6230290769361946, 3.9106088564110935, 4.198188635885994, 4.4857684153608925, 4.773348194835793]
相对误差 => [0.7247665795115185, 0.8835194749789907, 0.9136256005113852, 1.009087706097784, 1.307330934809559, 1.3830808543413475, 1.5317429695745162]
平均误差 => 1.1075934456893002

华盛发泡胶（惠州）有限公司
真实数据 => [1.3482, 1.3457999999999999, 1.2348, 0.6743999999999999, 1.3175999999999999, 1.2858000000000003, 0.6174000000000002]
预测数据 => [2.4875515546107088, 2.675464109747847, 2.8633766648849863, 3.0512892200221247, 3.2392017751592634, 3.427114330296402, 3.615026885433541]
相对误差 => [0.8450909023963126, 0.9880101870618572, 1.3188991455174819, 3.524450207624741, 1.4584105761682329, 1.665355677629803, 4.855242768761808]
平均误差 => 2.093637066451462

惠州市聚仁鑫实业发展有限公司
真实数据 => [1.4750000000000003, 1.4240000000000004, 1.3970000000000002, 1.364, 1.3480000000000003, 1.393, 1.3980000000000001]
预测数据 => [1.569324199893193, 1.5723725659976808, 1.5754209321021684, 1.5784692982066562, 1.5815176643111437, 1.5845660304156315, 1.587614396520119]
相对误差 => [0.0639486100970798, 0.10419421769500029, 0.12771720265008454, 0.15723555586998245, 0.17323268865811822, 0.1375204812746816, 0.13563261553656572]
平均误差 => 0.12849733882593037

惠州市和宏科技有限公司
真实数据 => [1.8360000000000005, 2.5229999999999997, 0.0, 0.0, 0.0, 0.0, 2.196]
预测数据 => [3.4592208497495287, 3.6591480490083494, 3.8590752482671697, 4.05900244752599, 4.25892964678481, 4.45885684604363, 4.658784045302451]
相对误差 => [0.8841072166391764, 0.45031630955543, inf, inf, inf, inf, 1.1214863594273456]
平均误差 => 0.8186366285406507

惠州市深惠新业投资发展有限公司
真实数据 => [2.9339999999999997, 2.970999999999999, 2.9679999999999995, 3.1099999999999994, 3.080999999999999, 2.853, 2.927]
预测数据 => [3.1624066286912753, 3.1614489016062928, 3.1604911745213102, 3.1595334474363277, 3.158575720351345, 3.1576179932663626, 3.15666026618138]
相对误差 => [0.07784820337125958, 0.06410262591931795, 0.06485551702200497, 0.015927153516504266, 0.025178747274049368, 0.1067711157610804, 0.07846268062226854]
平均误差 => 0.06187800621235501

惠州市冠良实业有限公司
真实数据 => [2.61736, 2.9764, 4.04272, 4.12072, 3.81288, 4.063160000000001, 4.00408]
预测数据 => [2.3526105108140456, 2.223012257964569, 2.093414005115093, 1.9638157522656163, 1.8342174994161398, 1.7046192465666634, 1.5750209937171864]
相对误差 => [-0.10115134684795157, -0.25312046164340507, -0.4821768499636154, -0.5234289754543827, -0.5189417187490454, -0.5804695737882183, -0.6066459726785713]
平均误差 => -0.4379906998750271

锦升塑胶五金制品（惠州）有限公司
真实数据 => [1.4386000000000003, 1.3273, 1.2853999999999999, 1.2175000000000002, 1.1943000000000001, 1.2217, 1.2672]
预测数据 => [1.7071114483692629, 1.6805594272296862, 1.6540074060901095, 1.6274553849505329, 1.6009033638109564, 1.5743513426713798, 1.547799321531803]
相对误差 => [0.18664774667681253, 0.2661488941683766, 0.2867647472305195, 0.33671900201275773, 0.34045328963489596, 0.2886562516750264, 0.22143254540072838]
平均误差 => 0.2752603538284453

惠州市元嘉精密机械有限公司
真实数据 => [0.5925, 0.693, 0.7545, 0.7529999999999999, 0.7559999999999999, 0.57, 0.7245]
预测数据 => [1.118948848812734, 1.1727998784069216, 1.2266509080011094, 1.280501937595297, 1.3343529671894847, 1.3882039967836726, 1.4420550263778602]
相对误差 => [0.8885212638189601, 0.6923519168931048, 0.6257798648126037, 0.7005337816670614, 0.7650171523670435, 1.4354456083924083, 0.9904141150833128]
平均误差 => 0.8711519575763563

力研时装（惠州）有限公司
真实数据 => [0.2348, 0.2236, 0.22479999999999994, 0.2152, 0.2164, 0.1916, 0.0]
预测数据 => [0.29088927085726424, 0.2974596690917044, 0.3040300673261445, 0.3106004655605846, 0.31717086379502474, 0.32374126202946485, 0.33031166026390496]
相对误差 => [0.23888105135121052, 0.330320523665941, 0.3524469187106076, 0.4433107135714899, 0.46566942603985545, 0.6896725575650567, inf]
平均误差 => 0.42005019848402686

广东圣戈生物科技有限公司
真实数据 => [0.5600000000000003, 0.5520000000000003, 0.5800000000000003, 0.644, 0.666, 0.6380000000000002, 0.6120000000000001]
预测数据 => [0.6633250178278818, 0.6647162695482776, 0.6661075212686733, 0.6674987729890691, 0.6688900247094649, 0.6702812764298607, 0.6716725281502565]
相对误差 => [0.18450896040693116, 0.20419614048600948, 0.1484612435666776, 0.036488777933337116, 0.004339376440637938, 0.0505976119590289, 0.09750413096447116]
平均误差 => 0.10372803453672763

惠州市金名豪家具有限公司
真实数据 => [0.6638999999999999, 0.5748999999999999, 0.4141, 0.4205000000000001, 0.39080000000000004, 0.3528, 0.3945]
预测数据 => [1.1076114105297927, 1.1698876056118213, 1.2321638006938498, 1.2944399957758783, 1.356716190857907, 1.4189923859399354, 1.4812685810219643]
相对误差 => [0.6683407298234566, 1.0349410429845565, 1.9755223392751744, 2.078335305055596, 2.471638154702935, 3.0220872617345105, 2.7547999518934456]
平均误差 => 2.000809255067096

深圳市恩欣龙特种材料股份有限公司
真实数据 => [3.7949999999999995, 1.2525, 3.246000000000001, 3.7590000000000003, 4.0965, 4.119, 4.3695]
预测数据 => [0.0, 0.0, 0.0, 0.0, 0.0, 0.0, 0.0]
相对误差 => [-1.0, -1.0, -1.0, -1.0, -1.0, -1.0, -1.0]
平均误差 => -1.0
